20.000159
208.06289839398207
4806

40.000437
218.1201984719743
4584

60.000656
223.47105659948608
4474

80.000915
235.7081846439056
4242

100.001146
227.26878456599766
4400

120.001391
221.00498385495072
4524

140.001614
221.52583950793823
4514

160.001807
217.21808696637282
4603

180.002035
213.98447599978581
4673

200.002292
213.57038435166223
4682

220.002518
213.5889217894752
4681

240.002795
213.5889217894752
4681

260.003078
213.5889217894752
4681

280.003333
213.5889217894752
4681

300.003649
213.5889217894752
4681

320.003918
213.5889217894752
4681

340.004164
213.5889217894752
4681

360.004483
213.5889217894752
4681

380.004775
213.5889217894752
4681

400.00503
213.5889217894752
4681

420.005301
213.5889217894752
4681

440.005561
213.5889217894752
4681

460.005841
213.5889217894752
4681

480.006133
213.5889217894752
4681

500.006459
213.5889217894752
4681

520.006727
213.5889217894752
4681

540.00702
213.5889217894752
4681

560.007279
213.5889217894752
4681

20.000522
N/A
N/A
40.004515
N/A
N/A
60.013539
N/A
N/A
80.021541
27302.688378400748
36

100.026533
27302.688378400748
36

